74 697
116 697
175 694
196 694
315 704
415 701
475 697
555 695
566 695
614 692
635 700
775 699
785 699
855 700
914 702
973 696
994 703
1005 703
1193 705
1394 704
1443 704
1472 704
1494 709
1572 709
1672 709
1772 710
1832 705
1872 695
1883 695
1933 705
1972 699
2072 699
2111 709
2172 709
2211 703
2272 709
2312 700
2322 700
2372 710
2411 703
2422 711
2511 715
2611 713
2711 712
2761 710
2811 702
2861 706
3150 700
3201 707
3250 700
3300 706
3590 696
3689 705
3739 698
3789 708
4128 709
4178 706
4229 712
4368 708
4467 714
4568 716
4618 706
4668 714
4717 712
4767 705
4907 711
5007 705
5057 713
5106 705
5156 714
5545 698
5596 707
5646 703
5985 697
6035 701
6085 706
6474 688
6523 696
6574 692
6913 698
6963 705
7013 698
7402 693
7452 705
7502 698
7941 697
7991 708
8330 705
8380 704
8769 698
8819 705
8869 695
9208 698
9259 707
9309 700
9359 706
9698 707
9748 705
9797 699
10107 708
10217 703
10366 712
10476 698
10626 706
10736 700
10886 706
10995 697
11254 692
11405 699
11514 701
11773 694
12034 692
12143 699
12293 694
12402 702
12552 694
12662 708
12812 698
12921 706
13071 699
13180 705
13331 703
13441 699
13590 703
13700 704
13850 702
13960 705
14109 709
14219 707
14368 704
14479 707
14628 705
14738 704
14887 706
14997 700
15257 705
