61 2041
102 2058
161 2058
263 2037
353 2033
402 2048
422 2026
461 2041
562 1981
572 1997
601 1999
643 1997
701 1996
760 1994
862 1974
900 1973
1001 1988
1101 1968
1201 1965
1351 1962
1640 1971
1690 1952
1740 1952
1790 1967
1840 1950
2279 1965
2569 1943
2618 1961
2668 1944
2768 1960
3057 1943
3107 1959
3208 1958
3496 1942
3597 1961
3646 1943
3936 1960
4035 1959
4186 1958
4285 1943
4474 1943
4575 1938
4625 1939
4964 1923
5014 1940
5064 1911
5353 1933
5453 1938
5502 1922
5603 1937
5792 1952
5892 1962
5942 1969
6042 1977
6092 1982
6331 1982
6481 1994
6770 2019
6820 2041
7209 2058
7260 2078
7309 2082
7649 2085
7698 2090
7748 2112
7798 2115
8087 2132
8137 2135
8187 2119
8238 2122
8627 2105
8677 2119
8877 2095
9066 2056
9115 2050
9165 2063
9554 1988
9605 2004
9655 1983
9944 1965
9994 1947
10034 1961
10294 1935
10443 1938
10553 1959
10662 1948
10702 1969
10812 1956
10923 1979
10962 1966
11072 1987
11182 1975
11331 1989
11441 2011
11591 2017
11850 2028
11880 2028
12001 2032
12110 2018
12139 2038
12179 2038
12220 2023
12358 2042
12369 2024
12439 2046
12479 2028
12628 2034
12739 2055
12877 2057
12889 2057
12958 2041
13137 2065
13148 2065
13177 2065
13257 2069
13298 2050
13357 2053
13408 2072
13436 2074
13477 2056
13667 2080
13736 2062
13776 2081
13876 2062
13927 2081
13956 2083
14036 2083
14135 2068
14175 2055
14186 2067
14435 2058
14445 2075
14475 2078
14515 2061
14555 2062
14705 2084
14734 2084
14775 2067
14815 2067
14954 2070
14964 2088
15034 2070
15074 2072
15224 2093
